service_id,monday,tuesday,wednesday,thursday,friday,saturday,sunday,start_date,end_date
119_20240211,0,0,0,0,0,0,0,20240211,20240316
404_5_20240211,0,0,0,0,0,0,0,20240211,20240316
110_3_20240211,0,0,0,0,0,0,0,20240211,20240316
111_7_20240211,0,0,0,0,0,0,0,20240211,20240316
90_2_20240211,0,0,0,0,0,0,0,20240211,20240316
151_3_20240211,0,0,0,0,0,0,0,20240211,20240316
504_3_20240211,0,0,0,0,0,0,0,20240211,20240316
118_6_20240211,0,0,0,0,0,0,0,20240211,20240316
22_20240211,0,0,0,0,0,0,0,20240211,20240316
2_2_20240211,0,0,0,0,0,0,0,20240211,20240316
203_2_20240211,0,0,0,0,0,0,0,20240211,20240316
322_5_20240211,0,0,0,0,0,0,0,20240211,20240316
58_20240211,0,0,0,0,0,0,0,20240211,20240316
72_20240211,0,0,0,0,0,0,0,20240211,20240316
313_20240211,0,0,0,0,0,0,0,20240211,20240316
609_20240211,0,0,0,0,0,0,0,20240211,20240316
112_5_20240211,0,0,0,0,0,0,0,20240211,20240316
121_1_20240211,0,0,0,0,0,0,0,20240211,20240316
75_20240211,0,0,0,0,0,0,0,20240211,20240316
322_8_20240211,0,0,0,0,0,0,0,20240211,20240316
407_5_20240211,0,0,0,0,0,0,0,20240211,20240316
145_1_20240211,0,0,0,0,0,0,0,20240211,20240316
Rail SaSu+Hol_20240211,0,0,0,0,0,0,0,20240211,20240316
109_2_20240211,0,0,0,0,0,0,0,20240211,20240316
421_1_20240211,0,0,0,0,0,0,0,20240211,20240316
4211_5_20240211,0,0,0,0,0,0,0,20240211,20240316
301_1_20240211,0,0,0,0,0,0,0,20240211,20240316
103_4_20240211,0,0,0,0,0,0,0,20240211,20240316
403_5_20240211,0,0,0,0,0,0,0,20240211,20240316
102_5_20240211,0,0,0,0,0,0,0,20240211,20240316
4062_2_20240211,0,0,0,0,0,0,0,20240211,20240316
202_3_20240211,0,0,0,0,0,0,0,20240211,20240316
85_20240211,0,0,0,0,0,0,0,20240211,20240316
436_1_20240211,0,0,0,0,0,0,0,20240211,20240316
42_20240211,0,0,0,0,0,0,0,20240211,20240316
322_1_20240211,0,0,0,0,0,0,0,20240211,20240316
94_1_20240211,0,0,0,0,0,0,0,20240211,20240316
217_2_20240211,0,0,0,0,0,0,0,20240211,20240316
210_2_20240211,0,0,0,0,0,0,0,20240211,20240316
4063_2_20240211,0,0,0,0,0,0,0,20240211,20240316
754_2_20240211,0,0,0,0,0,0,0,20240211,20240316
32_2_20240211,0,0,0,0,0,0,0,20240211,20240316
321_3_20240211,0,0,0,0,0,0,0,20240211,20240316
513_2_20240211,0,0,0,0,0,0,0,20240211,20240316
44_1_20240211,0,0,0,0,0,0,0,20240211,20240316
15_5_20240211,0,0,0,0,0,0,0,20240211,20240316
303_3_20240211,0,0,0,0,0,0,0,20240211,20240316
CCL MTuWThF-XHol_20240211,0,0,0,0,0,0,0,20240211,20240316
1002_4_20240211,0,0,0,0,0,0,0,20240211,20240316
528_1_20240211,0,0,0,0,0,0,0,20240211,20240316
60_20240211,0,0,0,0,0,0,0,20240211,20240316
203_4_20240211,0,0,0,0,0,0,0,20240211,20240316
4038_2_20240211,0,0,0,0,0,0,0,20240211,20240316
605_20240211,0,0,0,0,0,0,0,20240211,20240316
40_1_20240211,0,0,0,0,0,0,0,20240211,20240316
114_6_20240211,0,0,0,0,0,0,0,20240211,20240316
153_3_20240211,0,0,0,0,0,0,0,20240211,20240316
219_3_20240211,0,0,0,0,0,0,0,20240211,20240316
603_4_20240211,0,0,0,0,0,0,0,20240211,20240316
319_20240211,0,0,0,0,0,0,0,20240211,20240316
4085_2_20240211,0,0,0,0,0,0,0,20240211,20240316
98_1_20240211,0,0,0,0,0,0,0,20240211,20240316
115_5_20240211,0,0,0,0,0,0,0,20240211,20240316
4082_2_20240211,0,0,0,0,0,0,0,20240211,20240316
509_3_20240211,0,0,0,0,0,0,0,20240211,20240316
310_1_20240211,0,0,0,0,0,0,0,20240211,20240316
235_1_20240211,0,0,0,0,0,0,0,20240211,20240316
304_7_20240211,0,0,0,0,0,0,0,20240211,20240316
305_5_20240211,0,0,0,0,0,0,0,20240211,20240316
324_1_20240211,0,0,0,0,0,0,0,20240211,20240316
205_4_20240211,0,0,0,0,0,0,0,20240211,20240316
111_3_20240211,0,0,0,0,0,0,0,20240211,20240316
322_6_20240211,0,0,0,0,0,0,0,20240211,20240316
753_2_20240211,0,0,0,0,0,0,0,20240211,20240316
118_3_20240211,0,0,0,0,0,0,0,20240211,20240316
128_1_20240211,0,0,0,0,0,0,0,20240211,20240316
602_4_20240211,0,0,0,0,0,0,0,20240211,20240316
1502_20240211,0,0,0,0,0,0,0,20240211,20240316
434_1_20240211,0,0,0,0,0,0,0,20240211,20240316
202_1_20240211,0,0,0,0,0,0,0,20240211,20240316
22_2_20240211,0,0,0,0,0,0,0,20240211,20240316
136_1_20240211,0,0,0,0,0,0,0,20240211,20240316
10_20240211,0,0,0,0,0,0,0,20240211,20240316
204_2_20240211,0,0,0,0,0,0,0,20240211,20240316
115_7_20240211,0,0,0,0,0,0,0,20240211,20240316
4050_2_20240211,0,0,0,0,0,0,0,20240211,20240316
504_4_20240211,0,0,0,0,0,0,0,20240211,20240316
31_1_20240211,0,0,0,0,0,0,0,20240211,20240316
4040_2_20240211,0,0,0,0,0,0,0,20240211,20240316
4024_2_20240211,0,0,0,0,0,0,0,20240211,20240316
616_20240211,0,0,0,0,0,0,0,20240211,20240316
402_4_20240211,0,0,0,0,0,0,0,20240211,20240316
122_1_20240211,0,0,0,0,0,0,0,20240211,20240316
204_5_20240211,0,0,0,0,0,0,0,20240211,20240316
125_1_20240211,0,0,0,0,0,0,0,20240211,20240316
201_1_20240211,0,0,0,0,0,0,0,20240211,20240316
315_20240211,0,0,0,0,0,0,0,20240211,20240316
4007_2_20240211,0,0,0,0,0,0,0,20240211,20240316
214_5_20240211,0,0,0,0,0,0,0,20240211,20240316
152_3_20240211,0,0,0,0,0,0,0,20240211,20240316
4066_2_20240211,0,0,0,0,0,0,0,20240211,20240316
206_3_20240211,0,0,0,0,0,0,0,20240211,20240316
406_5_20240211,0,0,0,0,0,0,0,20240211,20240316
218_20240211,0,0,0,0,0,0,0,20240211,20240316
708_3_20240211,0,0,0,0,0,0,0,20240211,20240316
4004_2_20240211,0,0,0,0,0,0,0,20240211,20240316
116_3_20240211,0,0,0,0,0,0,0,20240211,20240316
36_20240211,0,0,0,0,0,0,0,20240211,20240316
108_5_20240211,0,0,0,0,0,0,0,20240211,20240316
101_4_20240211,0,0,0,0,0,0,0,20240211,20240316
4_1_20240211,0,0,0,0,0,0,0,20240211,20240316
105_6_20240211,0,0,0,0,0,0,0,20240211,20240316
604_20240211,0,0,0,0,0,0,0,20240211,20240316
211_3_20240211,0,0,0,0,0,0,0,20240211,20240316
19_20240211,0,0,0,0,0,0,0,20240211,20240316
805_20240211,0,0,0,0,0,0,0,20240211,20240316
99_1_20240211,0,0,0,0,0,0,0,20240211,20240316
103_5_20240211,0,0,0,0,0,0,0,20240211,20240316
801_20240211,0,0,0,0,0,0,0,20240211,20240316
4071_2_20240211,0,0,0,0,0,0,0,20240211,20240316
101_5_20240211,0,0,0,0,0,0,0,20240211,20240316
44_20240211,0,0,0,0,0,0,0,20240211,20240316
102_7_20240211,0,0,0,0,0,0,0,20240211,20240316
14_1_20240211,0,0,0,0,0,0,0,20240211,20240316
213_4_20240211,0,0,0,0,0,0,0,20240211,20240316
25_20240211,0,0,0,0,0,0,0,20240211,20240316
104_3_20240211,0,0,0,0,0,0,0,20240211,20240316
228_1_20240211,0,0,0,0,0,0,0,20240211,20240316
318_7_20240211,0,0,0,0,0,0,0,20240211,20240316
209_1_20240211,0,0,0,0,0,0,0,20240211,20240316
101_7_20240211,0,0,0,0,0,0,0,20240211,20240316
24_1_20240211,0,0,0,0,0,0,0,20240211,20240316
205_8_20240211,0,0,0,0,0,0,0,20240211,20240316
11_2_20240211,0,0,0,0,0,0,0,20240211,20240316
104_8_20240211,0,0,0,0,0,0,0,20240211,20240316
110_6_20240211,0,0,0,0,0,0,0,20240211,20240316
117_3_20240211,0,0,0,0,0,0,0,20240211,20240316
713_2_20240211,0,0,0,0,0,0,0,20240211,20240316
307_6_20240211,0,0,0,0,0,0,0,20240211,20240316
303_5_20240211,0,0,0,0,0,0,0,20240211,20240316
153_1_20240211,0,0,0,0,0,0,0,20240211,20240316
35_1_20240211,0,0,0,0,0,0,0,20240211,20240316
611_1_20240211,0,0,0,0,0,0,0,20240211,20240316
33_1_20240211,0,0,0,0,0,0,0,20240211,20240316
407_3_20240211,0,0,0,0,0,0,0,20240211,20240316
112_3_20240211,0,0,0,0,0,0,0,20240211,20240316
140_1_20240211,0,0,0,0,0,0,0,20240211,20240316
419_2_20240211,0,0,0,0,0,0,0,20240211,20240316
9_1_20240211,0,0,0,0,0,0,0,20240211,20240316
104_4_20240211,0,0,0,0,0,0,0,20240211,20240316
204_8_20240211,0,0,0,0,0,0,0,20240211,20240316
20_1_20240211,0,0,0,0,0,0,0,20240211,20240316
4039_2_20240211,0,0,0,0,0,0,0,20240211,20240316
320_1_20240211,0,0,0,0,0,0,0,20240211,20240316
502_5_20240211,0,0,0,0,0,0,0,20240211,20240316
414_2_20240211,0,0,0,0,0,0,0,20240211,20240316
601_4_20240211,0,0,0,0,0,0,0,20240211,20240316
604_3_20240211,0,0,0,0,0,0,0,20240211,20240316
416_3_20240211,0,0,0,0,0,0,0,20240211,20240316
86_20240211,0,0,0,0,0,0,0,20240211,20240316
418_3_20240211,0,0,0,0,0,0,0,20240211,20240316
4020_2_20240211,0,0,0,0,0,0,0,20240211,20240316
306_20240211,0,0,0,0,0,0,0,20240211,20240316
501_4_20240211,0,0,0,0,0,0,0,20240211,20240316
28_2_20240211,0,0,0,0,0,0,0,20240211,20240316
17_6_20240211,0,0,0,0,0,0,0,20240211,20240316
305_20240211,0,0,0,0,0,0,0,20240211,20240316
32_20240211,0,0,0,0,0,0,0,20240211,20240316
23_20240211,0,0,0,0,0,0,0,20240211,20240316
144_1_20240211,0,0,0,0,0,0,0,20240211,20240316
505_4_20240211,0,0,0,0,0,0,0,20240211,20240316
210_5_20240211,0,0,0,0,0,0,0,20240211,20240316
707_1_20240211,0,0,0,0,0,0,0,20240211,20240316
30_5_20240211,0,0,0,0,0,0,0,20240211,20240316
405_3_20240211,0,0,0,0,0,0,0,20240211,20240316
34_20240211,0,0,0,0,0,0,0,20240211,20240316
604_5_20240211,0,0,0,0,0,0,0,20240211,20240316
36_5_20240211,0,0,0,0,0,0,0,20240211,20240316
4028_2_20240211,0,0,0,0,0,0,0,20240211,20240316
4051_1_20240211,0,0,0,0,0,0,0,20240211,20240316
413_3_20240211,0,0,0,0,0,0,0,20240211,20240316
134_1_20240211,0,0,0,0,0,0,0,20240211,20240316
137_1_20240211,0,0,0,0,0,0,0,20240211,20240316
213_5_20240211,0,0,0,0,0,0,0,20240211,20240316
113_6_20240211,0,0,0,0,0,0,0,20240211,20240316
214_3_20240211,0,0,0,0,0,0,0,20240211,20240316
309_4_20240211,0,0,0,0,0,0,0,20240211,20240316
401_5_20240211,0,0,0,0,0,0,0,20240211,20240316
159_20240211,0,0,0,0,0,0,0,20240211,20240316
12_20240211,0,0,0,0,0,0,0,20240211,20240316
318_20240211,0,0,0,0,0,0,0,20240211,20240316
7_1_20240211,0,0,0,0,0,0,0,20240211,20240316
50_20240211,0,0,0,0,0,0,0,20240211,20240316
56_20240211,0,0,0,0,0,0,0,20240211,20240316
1_1_20240211,0,0,0,0,0,0,0,20240211,20240316
322_4_20240211,0,0,0,0,0,0,0,20240211,20240316
37_2_20240211,0,0,0,0,0,0,0,20240211,20240316
218_3_20240211,0,0,0,0,0,0,0,20240211,20240316
21_20240211,0,0,0,0,0,0,0,20240211,20240316
49_20240211,0,0,0,0,0,0,0,20240211,20240316
150_4_20240211,0,0,0,0,0,0,0,20240211,20240316
117_6_20240211,0,0,0,0,0,0,0,20240211,20240316
204_3_20240211,0,0,0,0,0,0,0,20240211,20240316
26_5_20240211,0,0,0,0,0,0,0,20240211,20240316
4080_2_20240211,0,0,0,0,0,0,0,20240211,20240316
302_20240211,0,0,0,0,0,0,0,20240211,20240316
110_1_20240211,0,0,0,0,0,0,0,20240211,20240316
607_20240211,0,0,0,0,0,0,0,20240211,20240316
Rail MTuWThF-XHol_20240211,0,0,0,0,0,0,0,20240211,20240316
TuTh-XHol_20240211,0,0,0,0,0,0,0,20240211,20240316
1001_20240211,0,0,0,0,0,0,0,20240211,20240316
502_3_20240211,0,0,0,0,0,0,0,20240211,20240316
71_20240211,0,0,0,0,0,0,0,20240211,20240316
200_2_20240211,0,0,0,0,0,0,0,20240211,20240316
902_1_20240211,0,0,0,0,0,0,0,20240211,20240316
14_2_20240211,0,0,0,0,0,0,0,20240211,20240316
123_1_20240211,0,0,0,0,0,0,0,20240211,20240316
22_1_20240211,0,0,0,0,0,0,0,20240211,20240316
611_20240211,0,0,0,0,0,0,0,20240211,20240316
29_20240211,0,0,0,0,0,0,0,20240211,20240316
43_1_20240211,0,0,0,0,0,0,0,20240211,20240316
418_2_20240211,0,0,0,0,0,0,0,20240211,20240316
224_1_20240211,0,0,0,0,0,0,0,20240211,20240316
101_6_20240211,0,0,0,0,0,0,0,20240211,20240316
12_1_20240211,0,0,0,0,0,0,0,20240211,20240316
420_3_20240211,0,0,0,0,0,0,0,20240211,20240316
415_2_20240211,0,0,0,0,0,0,0,20240211,20240316
326_1_20240211,0,0,0,0,0,0,0,20240211,20240316
122_20240211,0,0,0,0,0,0,0,20240211,20240316
123_20240211,0,0,0,0,0,0,0,20240211,20240316
21_2_20240211,0,0,0,0,0,0,0,20240211,20240316
321_20240211,0,0,0,0,0,0,0,20240211,20240316
234_1_20240211,0,0,0,0,0,0,0,20240211,20240316
703_2_20240211,0,0,0,0,0,0,0,20240211,20240316
308_7_20240211,0,0,0,0,0,0,0,20240211,20240316
807_20240211,0,0,0,0,0,0,0,20240211,20240316
205_1_20240211,0,0,0,0,0,0,0,20240211,20240316
CCL Su+Hol-Xmas_20240211,0,0,0,0,0,0,0,20240211,20240316
803_20240211,0,0,0,0,0,0,0,20240211,20240316
1001_6_20240211,0,0,0,0,0,0,0,20240211,20240316
154_1_20240211,0,0,0,0,0,0,0,20240211,20240316
103_1_20240211,0,0,0,0,0,0,0,20240211,20240316
79_20240211,0,0,0,0,0,0,0,20240211,20240316
4013_4_20240211,0,0,0,0,0,0,0,20240211,20240316
205_5_20240211,0,0,0,0,0,0,0,20240211,20240316
220_20240211,0,0,0,0,0,0,0,20240211,20240316
107_20240211,0,0,0,0,0,0,0,20240211,20240316
4026_2_20240211,0,0,0,0,0,0,0,20240211,20240316
104_5_20240211,0,0,0,0,0,0,0,20240211,20240316
203_1_20240211,0,0,0,0,0,0,0,20240211,20240316
12_2_20240211,0,0,0,0,0,0,0,20240211,20240316
107_4_20240211,0,0,0,0,0,0,0,20240211,20240316
206_4_20240211,0,0,0,0,0,0,0,20240211,20240316
511_2_20240211,0,0,0,0,0,0,0,20240211,20240316
319_1_20240211,0,0,0,0,0,0,0,20240211,20240316
301_5_20240211,0,0,0,0,0,0,0,20240211,20240316
610_1_20240211,0,0,0,0,0,0,0,20240211,20240316
4027_2_20240211,0,0,0,0,0,0,0,20240211,20240316
311_4_20240211,0,0,0,0,0,0,0,20240211,20240316
41_2_20240211,0,0,0,0,0,0,0,20240211,20240316
325_1_20240211,0,0,0,0,0,0,0,20240211,20240316
4056_2_20240211,0,0,0,0,0,0,0,20240211,20240316
117_7_20240211,0,0,0,0,0,0,0,20240211,20240316
4070_2_20240211,0,0,0,0,0,0,0,20240211,20240316
17_2_20240211,0,0,0,0,0,0,0,20240211,20240316
4217_4_20240211,0,0,0,0,0,0,0,20240211,20240316
706_3_20240211,0,0,0,0,0,0,0,20240211,20240316
3_3_20240211,0,0,0,0,0,0,0,20240211,20240316
310_8_20240211,0,0,0,0,0,0,0,20240211,20240316
309_5_20240211,0,0,0,0,0,0,0,20240211,20240316
116_6_20240211,0,0,0,0,0,0,0,20240211,20240316
424_1_20240211,0,0,0,0,0,0,0,20240211,20240316
617_20240211,0,0,0,0,0,0,0,20240211,20240316
704_3_20240211,0,0,0,0,0,0,0,20240211,20240316
612_20240211,0,0,0,0,0,0,0,20240211,20240316
47_2_20240211,0,0,0,0,0,0,0,20240211,20240316
105_4_20240211,0,0,0,0,0,0,0,20240211,20240316
208_5_20240211,0,0,0,0,0,0,0,20240211,20240316
5_1_20240211,0,0,0,0,0,0,0,20240211,20240316
4052_2_20240211,0,0,0,0,0,0,0,20240211,20240316
42_2_20240211,0,0,0,0,0,0,0,20240211,20240316
714_2_20240211,0,0,0,0,0,0,0,20240211,20240316
52_20240211,0,0,0,0,0,0,0,20240211,20240316
EBW ThursF-Xhol_20240211,0,0,0,0,0,0,0,20240211,20240316
30_1_20240211,0,0,0,0,0,0,0,20240211,20240316
150_1_20240211,0,0,0,0,0,0,0,20240211,20240316
130_1_20240211,0,0,0,0,0,0,0,20240211,20240316
311_3_20240211,0,0,0,0,0,0,0,20240211,20240316
316_3_20240211,0,0,0,0,0,0,0,20240211,20240316
216_3_20240211,0,0,0,0,0,0,0,20240211,20240316
105_1_20240211,0,0,0,0,0,0,0,20240211,20240316
421_3_20240211,0,0,0,0,0,0,0,20240211,20240316
114_3_20240211,0,0,0,0,0,0,0,20240211,20240316
431_3_20240211,0,0,0,0,0,0,0,20240211,20240316
4006_2_20240211,0,0,0,0,0,0,0,20240211,20240316
219_20240211,0,0,0,0,0,0,0,20240211,20240316
604_4_20240211,0,0,0,0,0,0,0,20240211,20240316
411_3_20240211,0,0,0,0,0,0,0,20240211,20240316
102_4_20240211,0,0,0,0,0,0,0,20240211,20240316
9_2_20240211,0,0,0,0,0,0,0,20240211,20240316
6_20240211,0,0,0,0,0,0,0,20240211,20240316
503_4_20240211,0,0,0,0,0,0,0,20240211,20240316
613_1_20240211,0,0,0,0,0,0,0,20240211,20240316
29_1_20240211,0,0,0,0,0,0,0,20240211,20240316
432_1_20240211,0,0,0,0,0,0,0,20240211,20240316
230_1_20240211,0,0,0,0,0,0,0,20240211,20240316
237_20240211,0,0,0,0,0,0,0,20240211,20240316
524_1_20240211,0,0,0,0,0,0,0,20240211,20240316
80_20240211,0,0,0,0,0,0,0,20240211,20240316
201_5_20240211,0,0,0,0,0,0,0,20240211,20240316
308_20240211,0,0,0,0,0,0,0,20240211,20240316
107_1_20240211,0,0,0,0,0,0,0,20240211,20240316
13_20240211,0,0,0,0,0,0,0,20240211,20240316
301_7_20240211,0,0,0,0,0,0,0,20240211,20240316
602_5_20240211,0,0,0,0,0,0,0,20240211,20240316
4111_2_20240211,0,0,0,0,0,0,0,20240211,20240316
320_20240211,0,0,0,0,0,0,0,20240211,20240316
54_20240211,0,0,0,0,0,0,0,20240211,20240316
521_1_20240211,0,0,0,0,0,0,0,20240211,20240316
209_2_20240211,0,0,0,0,0,0,0,20240211,20240316
148_1_20240211,0,0,0,0,0,0,0,20240211,20240316
23_2_20240211,0,0,0,0,0,0,0,20240211,20240316
518_1_20240211,0,0,0,0,0,0,0,20240211,20240316
116_7_20240211,0,0,0,0,0,0,0,20240211,20240316
4041_2_20240211,0,0,0,0,0,0,0,20240211,20240316
51_3_20240211,0,0,0,0,0,0,0,20240211,20240316
106_4_20240211,0,0,0,0,0,0,0,20240211,20240316
208_20240211,0,0,0,0,0,0,0,20240211,20240316
313_1_20240211,0,0,0,0,0,0,0,20240211,20240316
59_20240211,0,0,0,0,0,0,0,20240211,20240316
515_1_20240211,0,0,0,0,0,0,0,20240211,20240316
609_1_20240211,0,0,0,0,0,0,0,20240211,20240316
4117_1_20240211,0,0,0,0,0,0,0,20240211,20240316
509_2_20240211,0,0,0,0,0,0,0,20240211,20240316
208_2_20240211,0,0,0,0,0,0,0,20240211,20240316
64_20240211,0,0,0,0,0,0,0,20240211,20240316
1_2_20240211,0,0,0,0,0,0,0,20240211,20240316
119_1_20240211,0,0,0,0,0,0,0,20240211,20240316
106_2_20240211,0,0,0,0,0,0,0,20240211,20240316
39_1_20240211,0,0,0,0,0,0,0,20240211,20240316
141_1_20240211,0,0,0,0,0,0,0,20240211,20240316
508_3_20240211,0,0,0,0,0,0,0,20240211,20240316
206_1_20240211,0,0,0,0,0,0,0,20240211,20240316
18_2_20240211,0,0,0,0,0,0,0,20240211,20240316
702_2_20240211,0,0,0,0,0,0,0,20240211,20240316
4057_1_20240211,0,0,0,0,0,0,0,20240211,20240316
417_3_20240211,0,0,0,0,0,0,0,20240211,20240316
302_3_20240211,0,0,0,0,0,0,0,20240211,20240316
40_5_20240211,0,0,0,0,0,0,0,20240211,20240316
107_3_20240211,0,0,0,0,0,0,0,20240211,20240316
216_5_20240211,0,0,0,0,0,0,0,20240211,20240316
416_2_20240211,0,0,0,0,0,0,0,20240211,20240316
132_1_20240211,0,0,0,0,0,0,0,20240211,20240316
113_7_20240211,0,0,0,0,0,0,0,20240211,20240316
433_1_20240211,0,0,0,0,0,0,0,20240211,20240316
322_20240211,0,0,0,0,0,0,0,20240211,20240316
3_1_20240211,0,0,0,0,0,0,0,20240211,20240316
308_5_20240211,0,0,0,0,0,0,0,20240211,20240316
602_3_20240211,0,0,0,0,0,0,0,20240211,20240316
203_3_20240211,0,0,0,0,0,0,0,20240211,20240316
606_1_20240211,0,0,0,0,0,0,0,20240211,20240316
330_1_20240211,0,0,0,0,0,0,0,20240211,20240316
40_20240211,0,0,0,0,0,0,0,20240211,20240316
701_5_20240211,0,0,0,0,0,0,0,20240211,20240316
151_1_20240211,0,0,0,0,0,0,0,20240211,20240316
226_1_20240211,0,0,0,0,0,0,0,20240211,20240316
409_3_20240211,0,0,0,0,0,0,0,20240211,20240316
207_5_20240211,0,0,0,0,0,0,0,20240211,20240316
208_1_20240211,0,0,0,0,0,0,0,20240211,20240316
33_2_20240211,0,0,0,0,0,0,0,20240211,20240316
323_1_20240211,0,0,0,0,0,0,0,20240211,20240316
26_20240211,0,0,0,0,0,0,0,20240211,20240316
45_5_20240211,0,0,0,0,0,0,0,20240211,20240316
4034_2_20240211,0,0,0,0,0,0,0,20240211,20240316
4029_2_20240211,0,0,0,0,0,0,0,20240211,20240316
106_7_20240211,0,0,0,0,0,0,0,20240211,20240316
101_1_20240211,0,0,0,0,0,0,0,20240211,20240316
61_2_20240211,0,0,0,0,0,0,0,20240211,20240316
4_3_20240211,0,0,0,0,0,0,0,20240211,20240316
39_2_20240211,0,0,0,0,0,0,0,20240211,20240316
505_3_20240211,0,0,0,0,0,0,0,20240211,20240316
430_1_20240211,0,0,0,0,0,0,0,20240211,20240316
101_3_20240211,0,0,0,0,0,0,0,20240211,20240316
222_20240211,0,0,0,0,0,0,0,20240211,20240316
8_1_20240211,0,0,0,0,0,0,0,20240211,20240316
202_8_20240211,0,0,0,0,0,0,0,20240211,20240316
306_7_20240211,0,0,0,0,0,0,0,20240211,20240316
227_1_20240211,0,0,0,0,0,0,0,20240211,20240316
503_3_20240211,0,0,0,0,0,0,0,20240211,20240316
4009_2_20240211,0,0,0,0,0,0,0,20240211,20240316
802_1_20240211,0,0,0,0,0,0,0,20240211,20240316
31_20240211,0,0,0,0,0,0,0,20240211,20240316
4033_2_20240211,0,0,0,0,0,0,0,20240211,20240316
200_1_20240211,0,0,0,0,0,0,0,20240211,20240316
806_20240211,0,0,0,0,0,0,0,20240211,20240316
803_1_20240211,0,0,0,0,0,0,0,20240211,20240316
111_6_20240211,0,0,0,0,0,0,0,20240211,20240316
49_1_20240211,0,0,0,0,0,0,0,20240211,20240316
525_1_20240211,0,0,0,0,0,0,0,20240211,20240316
810_20240211,0,0,0,0,0,0,0,20240211,20240316
408_5_20240211,0,0,0,0,0,0,0,20240211,20240316
522_1_20240211,0,0,0,0,0,0,0,20240211,20240316
303_20240211,0,0,0,0,0,0,0,20240211,20240316
124_1_20240211,0,0,0,0,0,0,0,20240211,20240316
209_5_20240211,0,0,0,0,0,0,0,20240211,20240316
223_1_20240211,0,0,0,0,0,0,0,20240211,20240316
307_4_20240211,0,0,0,0,0,0,0,20240211,20240316
204_20240211,0,0,0,0,0,0,0,20240211,20240316
52_2_20240211,0,0,0,0,0,0,0,20240211,20240316
201_4_20240211,0,0,0,0,0,0,0,20240211,20240316
113_5_20240211,0,0,0,0,0,0,0,20240211,20240316
408_4_20240211,0,0,0,0,0,0,0,20240211,20240316
207_6_20240211,0,0,0,0,0,0,0,20240211,20240316
4002_2_20240211,0,0,0,0,0,0,0,20240211,20240316
6_2_20240211,0,0,0,0,0,0,0,20240211,20240316
215_5_20240211,0,0,0,0,0,0,0,20240211,20240316
4014_2_20240211,0,0,0,0,0,0,0,20240211,20240316
1501_20240211,0,0,0,0,0,0,0,20240211,20240316
200_20240211,0,0,0,0,0,0,0,20240211,20240316
121_20240211,0,0,0,0,0,0,0,20240211,20240316
421_2_20240211,0,0,0,0,0,0,0,20240211,20240316
4003_2_20240211,0,0,0,0,0,0,0,20240211,20240316
34_2_20240211,0,0,0,0,0,0,0,20240211,20240316
111_1_20240211,0,0,0,0,0,0,0,20240211,20240316
25_1_20240211,0,0,0,0,0,0,0,20240211,20240316
519_1_20240211,0,0,0,0,0,0,0,20240211,20240316
100_1_20240211,0,0,0,0,0,0,0,20240211,20240316
405_5_20240211,0,0,0,0,0,0,0,20240211,20240316
129_1_20240211,0,0,0,0,0,0,0,20240211,20240316
4021_2_20240211,0,0,0,0,0,0,0,20240211,20240316
74_20240211,0,0,0,0,0,0,0,20240211,20240316
105_7_20240211,0,0,0,0,0,0,0,20240211,20240316
95_1_20240211,0,0,0,0,0,0,0,20240211,20240316
307_7_20240211,0,0,0,0,0,0,0,20240211,20240316
401_3_20240211,0,0,0,0,0,0,0,20240211,20240316
54_2_20240211,0,0,0,0,0,0,0,20240211,20240316
8_2_20240211,0,0,0,0,0,0,0,20240211,20240316
304_6_20240211,0,0,0,0,0,0,0,20240211,20240316
608_20240211,0,0,0,0,0,0,0,20240211,20240316
47_4_20240211,0,0,0,0,0,0,0,20240211,20240316
57_20240211,0,0,0,0,0,0,0,20240211,20240316
24_20240211,0,0,0,0,0,0,0,20240211,20240316
46_5_20240211,0,0,0,0,0,0,0,20240211,20240316
45_4_20240211,0,0,0,0,0,0,0,20240211,20240316
404_4_20240211,0,0,0,0,0,0,0,20240211,20240316
606_20240211,0,0,0,0,0,0,0,20240211,20240316
514_1_20240211,0,0,0,0,0,0,0,20240211,20240316
502_4_20240211,0,0,0,0,0,0,0,20240211,20240316
804_20240211,0,0,0,0,0,0,0,20240211,20240316
414_3_20240211,0,0,0,0,0,0,0,20240211,20240316
508_2_20240211,0,0,0,0,0,0,0,20240211,20240316
311_20240211,0,0,0,0,0,0,0,20240211,20240316
19_6_20240211,0,0,0,0,0,0,0,20240211,20240316
316_2_20240211,0,0,0,0,0,0,0,20240211,20240316
115_1_20240211,0,0,0,0,0,0,0,20240211,20240316
506_3_20240211,0,0,0,0,0,0,0,20240211,20240316
35_20240211,0,0,0,0,0,0,0,20240211,20240316
105_5_20240211,0,0,0,0,0,0,0,20240211,20240316
215_4_20240211,0,0,0,0,0,0,0,20240211,20240316
53_20240211,0,0,0,0,0,0,0,20240211,20240316
512_3_20240211,0,0,0,0,0,0,0,20240211,20240316
42_1_20240211,0,0,0,0,0,0,0,20240211,20240316
102_6_20240211,0,0,0,0,0,0,0,20240211,20240316
4042_2_20240211,0,0,0,0,0,0,0,20240211,20240316
703_4_20240211,0,0,0,0,0,0,0,20240211,20240316
202_20240211,0,0,0,0,0,0,0,20240211,20240316
202_4_20240211,0,0,0,0,0,0,0,20240211,20240316
77_20240211,0,0,0,0,0,0,0,20240211,20240316
219_2_20240211,0,0,0,0,0,0,0,20240211,20240316
14_20240211,0,0,0,0,0,0,0,20240211,20240316
41_20240211,0,0,0,0,0,0,0,20240211,20240316
413_2_20240211,0,0,0,0,0,0,0,20240211,20240316
27_20240211,0,0,0,0,0,0,0,20240211,20240316
308_6_20240211,0,0,0,0,0,0,0,20240211,20240316
211_5_20240211,0,0,0,0,0,0,0,20240211,20240316
203_5_20240211,0,0,0,0,0,0,0,20240211,20240316
118_7_20240211,0,0,0,0,0,0,0,20240211,20240316
48_2_20240211,0,0,0,0,0,0,0,20240211,20240316
211_20240211,0,0,0,0,0,0,0,20240211,20240316
326_20240211,0,0,0,0,0,0,0,20240211,20240316
113_1_20240211,0,0,0,0,0,0,0,20240211,20240316
207_1_20240211,0,0,0,0,0,0,0,20240211,20240316
35_2_20240211,0,0,0,0,0,0,0,20240211,20240316
4084_2_20240211,0,0,0,0,0,0,0,20240211,20240316
10_2_20240211,0,0,0,0,0,0,0,20240211,20240316
39_20240211,0,0,0,0,0,0,0,20240211,20240316
304_20240211,0,0,0,0,0,0,0,20240211,20240316
64_2_20240211,0,0,0,0,0,0,0,20240211,20240316
1002_5_20240211,0,0,0,0,0,0,0,20240211,20240316
158_20240211,0,0,0,0,0,0,0,20240211,20240316
518_2_20240211,0,0,0,0,0,0,0,20240211,20240316
15_6_20240211,0,0,0,0,0,0,0,20240211,20240316
CCL Sa_20240211,0,0,0,0,0,0,0,20240211,20240316
506_5_20240211,0,0,0,0,0,0,0,20240211,20240316
139_1_20240211,0,0,0,0,0,0,0,20240211,20240316
108_4_20240211,0,0,0,0,0,0,0,20240211,20240316
425_1_20240211,0,0,0,0,0,0,0,20240211,20240316
601_5_20240211,0,0,0,0,0,0,0,20240211,20240316
305_3_20240211,0,0,0,0,0,0,0,20240211,20240316
92_1_20240211,0,0,0,0,0,0,0,20240211,20240316
231_1_20240211,0,0,0,0,0,0,0,20240211,20240316
143_1_20240211,0,0,0,0,0,0,0,20240211,20240316
527_1_20240211,0,0,0,0,0,0,0,20240211,20240316
28_20240211,0,0,0,0,0,0,0,20240211,20240316
4016_2_20240211,0,0,0,0,0,0,0,20240211,20240316
210_20240211,0,0,0,0,0,0,0,20240211,20240316
306_6_20240211,0,0,0,0,0,0,0,20240211,20240316
106_1_20240211,0,0,0,0,0,0,0,20240211,20240316
201_20240211,0,0,0,0,0,0,0,20240211,20240316
207_8_20240211,0,0,0,0,0,0,0,20240211,20240316
301_6_20240211,0,0,0,0,0,0,0,20240211,20240316
204_1_20240211,0,0,0,0,0,0,0,20240211,20240316
804_1_20240211,0,0,0,0,0,0,0,20240211,20240316
407_4_20240211,0,0,0,0,0,0,0,20240211,20240316
1053_20240211,0,0,0,0,0,0,0,20240211,20240316
302_4_20240211,0,0,0,0,0,0,0,20240211,20240316
221_1_20240211,0,0,0,0,0,0,0,20240211,20240316
9_20240211,0,0,0,0,0,0,0,20240211,20240316
510_2_20240211,0,0,0,0,0,0,0,20240211,20240316
404_3_20240211,0,0,0,0,0,0,0,20240211,20240316
27_2_20240211,0,0,0,0,0,0,0,20240211,20240316
401_4_20240211,0,0,0,0,0,0,0,20240211,20240316
708_1_20240211,0,0,0,0,0,0,0,20240211,20240316
41_6_20240211,0,0,0,0,0,0,0,20240211,20240316
701_1_20240211,0,0,0,0,0,0,0,20240211,20240316
526_1_20240211,0,0,0,0,0,0,0,20240211,20240316
Rail Sa_20240211,0,0,0,0,0,0,0,20240211,20240316
70_20240211,0,0,0,0,0,0,0,20240211,20240316
707_3_20240211,0,0,0,0,0,0,0,20240211,20240316
316_20240211,0,0,0,0,0,0,0,20240211,20240316
901_1_20240211,0,0,0,0,0,0,0,20240211,20240316
113_3_20240211,0,0,0,0,0,0,0,20240211,20240316
4036_2_20240211,0,0,0,0,0,0,0,20240211,20240316
419_3_20240211,0,0,0,0,0,0,0,20240211,20240316
513_3_20240211,0,0,0,0,0,0,0,20240211,20240316
4061_2_20240211,0,0,0,0,0,0,0,20240211,20240316
135_1_20240211,0,0,0,0,0,0,0,20240211,20240316
503_5_20240211,0,0,0,0,0,0,0,20240211,20240316
Rail SaSu+Hol - Xmas (WRL)_20240211,0,0,0,0,0,0,0,20240211,20240316
601_3_20240211,0,0,0,0,0,0,0,20240211,20240316
601_6_20240211,0,0,0,0,0,0,0,20240211,20240316
314_20240211,0,0,0,0,0,0,0,20240211,20240316
128_20240211,0,0,0,0,0,0,0,20240211,20240316
112_6_20240211,0,0,0,0,0,0,0,20240211,20240316
318_6_20240211,0,0,0,0,0,0,0,20240211,20240316
104_1_20240211,0,0,0,0,0,0,0,20240211,20240316
205_2_20240211,0,0,0,0,0,0,0,20240211,20240316
48_20240211,0,0,0,0,0,0,0,20240211,20240316
89_20240211,0,0,0,0,0,0,0,20240211,20240316
4035_2_20240211,0,0,0,0,0,0,0,20240211,20240316
232_1_20240211,0,0,0,0,0,0,0,20240211,20240316
65_20240211,0,0,0,0,0,0,0,20240211,20240316
4081_2_20240211,0,0,0,0,0,0,0,20240211,20240316
302_5_20240211,0,0,0,0,0,0,0,20240211,20240316
437_1_20240211,0,0,0,0,0,0,0,20240211,20240316
312_3_20240211,0,0,0,0,0,0,0,20240211,20240316
6_6_20240211,0,0,0,0,0,0,0,20240211,20240316
4072_2_20240211,0,0,0,0,0,0,0,20240211,20240316
607_1_20240211,0,0,0,0,0,0,0,20240211,20240316
206_6_20240211,0,0,0,0,0,0,0,20240211,20240316
517_1_20240211,0,0,0,0,0,0,0,20240211,20240316
2_3_20240211,0,0,0,0,0,0,0,20240211,20240316
212_4_20240211,0,0,0,0,0,0,0,20240211,20240316
310_6_20240211,0,0,0,0,0,0,0,20240211,20240316
16_1_20240211,0,0,0,0,0,0,0,20240211,20240316
205_3_20240211,0,0,0,0,0,0,0,20240211,20240316
4211_4_20240211,0,0,0,0,0,0,0,20240211,20240316
210_1_20240211,0,0,0,0,0,0,0,20240211,20240316
751_2_20240211,0,0,0,0,0,0,0,20240211,20240316
329_20240211,0,0,0,0,0,0,0,20240211,20240316
154_3_20240211,0,0,0,0,0,0,0,20240211,20240316
318_5_20240211,0,0,0,0,0,0,0,20240211,20240316
4032_2_20240211,0,0,0,0,0,0,0,20240211,20240316
405_4_20240211,0,0,0,0,0,0,0,20240211,20240316
307_20240211,0,0,0,0,0,0,0,20240211,20240316
133_1_20240211,0,0,0,0,0,0,0,20240211,20240316
406_4_20240211,0,0,0,0,0,0,0,20240211,20240316
4022_2_20240211,0,0,0,0,0,0,0,20240211,20240316
505_5_20240211,0,0,0,0,0,0,0,20240211,20240316
4010_2_20240211,0,0,0,0,0,0,0,20240211,20240316
116_5_20240211,0,0,0,0,0,0,0,20240211,20240316
409_2_20240211,0,0,0,0,0,0,0,20240211,20240316
90_3_20240211,0,0,0,0,0,0,0,20240211,20240316
117_1_20240211,0,0,0,0,0,0,0,20240211,20240316
138_1_20240211,0,0,0,0,0,0,0,20240211,20240316
38_2_20240211,0,0,0,0,0,0,0,20240211,20240316
4055_1_20240211,0,0,0,0,0,0,0,20240211,20240316
10_1_20240211,0,0,0,0,0,0,0,20240211,20240316
406_3_20240211,0,0,0,0,0,0,0,20240211,20240316
Rail F-XHol_20240211,0,0,0,0,0,0,0,20240211,20240316
4019_2_20240211,0,0,0,0,0,0,0,20240211,20240316
217_3_20240211,0,0,0,0,0,0,0,20240211,20240316
91_20240211,0,0,0,0,0,0,0,20240211,20240316
322_7_20240211,0,0,0,0,0,0,0,20240211,20240316
809_20240211,0,0,0,0,0,0,0,20240211,20240316
93_1_20240211,0,0,0,0,0,0,0,20240211,20240316
613_2_20240211,0,0,0,0,0,0,0,20240211,20240316
4083_2_20240211,0,0,0,0,0,0,0,20240211,20240316
11_20240211,0,0,0,0,0,0,0,20240211,20240316
142_1_20240211,0,0,0,0,0,0,0,20240211,20240316
27_1_20240211,0,0,0,0,0,0,0,20240211,20240316
208_6_20240211,0,0,0,0,0,0,0,20240211,20240316
150_3_20240211,0,0,0,0,0,0,0,20240211,20240316
710_2_20240211,0,0,0,0,0,0,0,20240211,20240316
36_1_20240211,0,0,0,0,0,0,0,20240211,20240316
102_3_20240211,0,0,0,0,0,0,0,20240211,20240316
46_4_20240211,0,0,0,0,0,0,0,20240211,20240316
403_3_20240211,0,0,0,0,0,0,0,20240211,20240316
1001_5_20240211,0,0,0,0,0,0,0,20240211,20240316
49_3_20240211,0,0,0,0,0,0,0,20240211,20240316
61_20240211,0,0,0,0,0,0,0,20240211,20240316
37_1_20240211,0,0,0,0,0,0,0,20240211,20240316
422_1_20240211,0,0,0,0,0,0,0,20240211,20240316
608_1_20240211,0,0,0,0,0,0,0,20240211,20240316
13_1_20240211,0,0,0,0,0,0,0,20240211,20240316
417_2_20240211,0,0,0,0,0,0,0,20240211,20240316
301_8_20240211,0,0,0,0,0,0,0,20240211,20240316
4030_2_20240211,0,0,0,0,0,0,0,20240211,20240316
4012_2_20240211,0,0,0,0,0,0,0,20240211,20240316
229_1_20240211,0,0,0,0,0,0,0,20240211,20240316
217_20240211,0,0,0,0,0,0,0,20240211,20240316
68_20240211,0,0,0,0,0,0,0,20240211,20240316
15_4_20240211,0,0,0,0,0,0,0,20240211,20240316
1002_3_20240211,0,0,0,0,0,0,0,20240211,20240316
4008_2_20240211,0,0,0,0,0,0,0,20240211,20240316
706_1_20240211,0,0,0,0,0,0,0,20240211,20240316
24_2_20240211,0,0,0,0,0,0,0,20240211,20240316
109_6_20240211,0,0,0,0,0,0,0,20240211,20240316
603_20240211,0,0,0,0,0,0,0,20240211,20240316
4_2_20240211,0,0,0,0,0,0,0,20240211,20240316
16_20240211,0,0,0,0,0,0,0,20240211,20240316
312_4_20240211,0,0,0,0,0,0,0,20240211,20240316
338_20240211,0,0,0,0,0,0,0,20240211,20240316
23_1_20240211,0,0,0,0,0,0,0,20240211,20240316
112_7_20240211,0,0,0,0,0,0,0,20240211,20240316
8_20240211,0,0,0,0,0,0,0,20240211,20240316
124_20240211,0,0,0,0,0,0,0,20240211,20240316
426_1_20240211,0,0,0,0,0,0,0,20240211,20240316
205_20240211,0,0,0,0,0,0,0,20240211,20240316
127_1_20240211,0,0,0,0,0,0,0,20240211,20240316
420_2_20240211,0,0,0,0,0,0,0,20240211,20240316
50_2_20240211,0,0,0,0,0,0,0,20240211,20240316
4073_2_20240211,0,0,0,0,0,0,0,20240211,20240316
102_1_20240211,0,0,0,0,0,0,0,20240211,20240316
516_1_20240211,0,0,0,0,0,0,0,20240211,20240316
46_20240211,0,0,0,0,0,0,0,20240211,20240316
115_3_20240211,0,0,0,0,0,0,0,20240211,20240316
4001_2_20240211,0,0,0,0,0,0,0,20240211,20240316
106_6_20240211,0,0,0,0,0,0,0,20240211,20240316
201_3_20240211,0,0,0,0,0,0,0,20240211,20240316
201_2_20240211,0,0,0,0,0,0,0,20240211,20240316
306_5_20240211,0,0,0,0,0,0,0,20240211,20240316
4015_2_20240211,0,0,0,0,0,0,0,20240211,20240316
109_4_20240211,0,0,0,0,0,0,0,20240211,20240316
4054_1_20240211,0,0,0,0,0,0,0,20240211,20240316
508_4_20240211,0,0,0,0,0,0,0,20240211,20240316
4058_2_20240211,0,0,0,0,0,0,0,20240211,20240316
38_1_20240211,0,0,0,0,0,0,0,20240211,20240316
4065_2_20240211,0,0,0,0,0,0,0,20240211,20240316
116_1_20240211,0,0,0,0,0,0,0,20240211,20240316
118_5_20240211,0,0,0,0,0,0,0,20240211,20240316
43_5_20240211,0,0,0,0,0,0,0,20240211,20240316
412_2_20240211,0,0,0,0,0,0,0,20240211,20240316
4053_2_20240211,0,0,0,0,0,0,0,20240211,20240316
21_1_20240211,0,0,0,0,0,0,0,20240211,20240316
48_3_20240211,0,0,0,0,0,0,0,20240211,20240316
13_2_20240211,0,0,0,0,0,0,0,20240211,20240316
207_2_20240211,0,0,0,0,0,0,0,20240211,20240316
201_8_20240211,0,0,0,0,0,0,0,20240211,20240316
67_20240211,0,0,0,0,0,0,0,20240211,20240316
423_1_20240211,0,0,0,0,0,0,0,20240211,20240316
312_5_20240211,0,0,0,0,0,0,0,20240211,20240316
501_5_20240211,0,0,0,0,0,0,0,20240211,20240316
301_20240211,0,0,0,0,0,0,0,20240211,20240316
233_1_20240211,0,0,0,0,0,0,0,20240211,20240316
4064_2_20240211,0,0,0,0,0,0,0,20240211,20240316
EBW SaSu+Hol_20240211,0,0,0,0,0,0,0,20240211,20240316
410_3_20240211,0,0,0,0,0,0,0,20240211,20240316
104_6_20240211,0,0,0,0,0,0,0,20240211,20240316
402_5_20240211,0,0,0,0,0,0,0,20240211,20240316
317_2_20240211,0,0,0,0,0,0,0,20240211,20240316
506_4_20240211,0,0,0,0,0,0,0,20240211,20240316
20_2_20240211,0,0,0,0,0,0,0,20240211,20240316
29_2_20240211,0,0,0,0,0,0,0,20240211,20240316
317_3_20240211,0,0,0,0,0,0,0,20240211,20240316
712_2_20240211,0,0,0,0,0,0,0,20240211,20240316
612_1_20240211,0,0,0,0,0,0,0,20240211,20240316
406_6_20240211,0,0,0,0,0,0,0,20240211,20240316
1001_1_20240211,0,0,0,0,0,0,0,20240211,20240316
504_5_20240211,0,0,0,0,0,0,0,20240211,20240316
7_2_20240211,0,0,0,0,0,0,0,20240211,20240316
215_3_20240211,0,0,0,0,0,0,0,20240211,20240316
31_2_20240211,0,0,0,0,0,0,0,20240211,20240316
427_1_20240211,0,0,0,0,0,0,0,20240211,20240316
83_20240211,0,0,0,0,0,0,0,20240211,20240316
704_1_20240211,0,0,0,0,0,0,0,20240211,20240316
87_20240211,0,0,0,0,0,0,0,20240211,20240316
34_1_20240211,0,0,0,0,0,0,0,20240211,20240316
523_1_20240211,0,0,0,0,0,0,0,20240211,20240316
615_20240211,0,0,0,0,0,0,0,20240211,20240316
38_20240211,0,0,0,0,0,0,0,20240211,20240316
512_2_20240211,0,0,0,0,0,0,0,20240211,20240316
303_4_20240211,0,0,0,0,0,0,0,20240211,20240316
207_20240211,0,0,0,0,0,0,0,20240211,20240316
4086_2_20240211,0,0,0,0,0,0,0,20240211,20240316
203_8_20240211,0,0,0,0,0,0,0,20240211,20240316
435_1_20240211,0,0,0,0,0,0,0,20240211,20240316
210_6_20240211,0,0,0,0,0,0,0,20240211,20240316
18_20240211,0,0,0,0,0,0,0,20240211,20240316
304_4_20240211,0,0,0,0,0,0,0,20240211,20240316
66_20240211,0,0,0,0,0,0,0,20240211,20240316
507_3_20240211,0,0,0,0,0,0,0,20240211,20240316
312_20240211,0,0,0,0,0,0,0,20240211,20240316
103_3_20240211,0,0,0,0,0,0,0,20240211,20240316
801_1_20240211,0,0,0,0,0,0,0,20240211,20240316
88_20240211,0,0,0,0,0,0,0,20240211,20240316
156_20240211,0,0,0,0,0,0,0,20240211,20240316
310_11_20240211,0,0,0,0,0,0,0,20240211,20240316
431_2_20240211,0,0,0,0,0,0,0,20240211,20240316
114_5_20240211,0,0,0,0,0,0,0,20240211,20240316
808_20240211,0,0,0,0,0,0,0,20240211,20240316
610_20240211,0,0,0,0,0,0,0,20240211,20240316
111_4_20240211,0,0,0,0,0,0,0,20240211,20240316
103_7_20240211,0,0,0,0,0,0,0,20240211,20240316
146_1_20240211,0,0,0,0,0,0,0,20240211,20240316
103_6_20240211,0,0,0,0,0,0,0,20240211,20240316
32_1_20240211,0,0,0,0,0,0,0,20240211,20240316
236_20240211,0,0,0,0,0,0,0,20240211,20240316
15_20240211,0,0,0,0,0,0,0,20240211,20240316
69_20240211,0,0,0,0,0,0,0,20240211,20240316
125_20240211,0,0,0,0,0,0,0,20240211,20240316
310_20240211,0,0,0,0,0,0,0,20240211,20240316
76_20240211,0,0,0,0,0,0,0,20240211,20240316
82_20240211,0,0,0,0,0,0,0,20240211,20240316
157_20240211,0,0,0,0,0,0,0,20240211,20240316
4031_2_20240211,0,0,0,0,0,0,0,20240211,20240316
315_1_20240211,0,0,0,0,0,0,0,20240211,20240316
108_3_20240211,0,0,0,0,0,0,0,20240211,20240316
412_3_20240211,0,0,0,0,0,0,0,20240211,20240316
2_1_20240211,0,0,0,0,0,0,0,20240211,20240316
81_20240211,0,0,0,0,0,0,0,20240211,20240316
408_3_20240211,0,0,0,0,0,0,0,20240211,20240316
105_3_20240211,0,0,0,0,0,0,0,20240211,20240316
701_2_20240211,0,0,0,0,0,0,0,20240211,20240316
16_2_20240211,0,0,0,0,0,0,0,20240211,20240316
152_1_20240211,0,0,0,0,0,0,0,20240211,20240316
155_20240211,0,0,0,0,0,0,0,20240211,20240316
213_3_20240211,0,0,0,0,0,0,0,20240211,20240316
306_4_20240211,0,0,0,0,0,0,0,20240211,20240316
44_5_20240211,0,0,0,0,0,0,0,20240211,20240316
78_20240211,0,0,0,0,0,0,0,20240211,20240316
114_7_20240211,0,0,0,0,0,0,0,20240211,20240316
603_5_20240211,0,0,0,0,0,0,0,20240211,20240316
438_20240211,0,0,0,0,0,0,0,20240211,20240316
109_5_20240211,0,0,0,0,0,0,0,20240211,20240316
511_3_20240211,0,0,0,0,0,0,0,20240211,20240316
334_20240211,0,0,0,0,0,0,0,20240211,20240316
5_20240211,0,0,0,0,0,0,0,20240211,20240316
110_5_20240211,0,0,0,0,0,0,0,20240211,20240316
211_4_20240211,0,0,0,0,0,0,0,20240211,20240316
507_2_20240211,0,0,0,0,0,0,0,20240211,20240316
19_2_20240211,0,0,0,0,0,0,0,20240211,20240316
62_20240211,0,0,0,0,0,0,0,20240211,20240316
11_1_20240211,0,0,0,0,0,0,0,20240211,20240316
321_2_20240211,0,0,0,0,0,0,0,20240211,20240316
117_5_20240211,0,0,0,0,0,0,0,20240211,20240316
305_4_20240211,0,0,0,0,0,0,0,20240211,20240316
415_3_20240211,0,0,0,0,0,0,0,20240211,20240316
110_7_20240211,0,0,0,0,0,0,0,20240211,20240316
715_2_20240211,0,0,0,0,0,0,0,20240211,20240316
115_6_20240211,0,0,0,0,0,0,0,20240211,20240316
331_20240211,0,0,0,0,0,0,0,20240211,20240316
220_2_20240211,0,0,0,0,0,0,0,20240211,20240316
206_5_20240211,0,0,0,0,0,0,0,20240211,20240316
112_1_20240211,0,0,0,0,0,0,0,20240211,20240316
429_1_20240211,0,0,0,0,0,0,0,20240211,20240316
310_10_20240211,0,0,0,0,0,0,0,20240211,20240316
147_1_20240211,0,0,0,0,0,0,0,20240211,20240316
30_20240211,0,0,0,0,0,0,0,20240211,20240316
1_3_20240211,0,0,0,0,0,0,0,20240211,20240316
33_20240211,0,0,0,0,0,0,0,20240211,20240316
309_20240211,0,0,0,0,0,0,0,20240211,20240316
53_2_20240211,0,0,0,0,0,0,0,20240211,20240316
307_5_20240211,0,0,0,0,0,0,0,20240211,20240316
63_20240211,0,0,0,0,0,0,0,20240211,20240316
17_20240211,0,0,0,0,0,0,0,20240211,20240316
428_1_20240211,0,0,0,0,0,0,0,20240211,20240316
603_3_20240211,0,0,0,0,0,0,0,20240211,20240316
3_2_20240211,0,0,0,0,0,0,0,20240211,20240316
153_4_20240211,0,0,0,0,0,0,0,20240211,20240316
206_2_20240211,0,0,0,0,0,0,0,20240211,20240316
120_2_20240211,0,0,0,0,0,0,0,20240211,20240316
25_5_20240211,0,0,0,0,0,0,0,20240211,20240316
212_5_20240211,0,0,0,0,0,0,0,20240211,20240316
609_3_20240211,0,0,0,0,0,0,0,20240211,20240316
204_4_20240211,0,0,0,0,0,0,0,20240211,20240316
309_3_20240211,0,0,0,0,0,0,0,20240211,20240316
18_1_20240211,0,0,0,0,0,0,0,20240211,20240316
97_2_20240211,0,0,0,0,0,0,0,20240211,20240316
314_1_20240211,0,0,0,0,0,0,0,20240211,20240316
709_1_20240211,0,0,0,0,0,0,0,20240211,20240316
225_1_20240211,0,0,0,0,0,0,0,20240211,20240316
750_2_20240211,0,0,0,0,0,0,0,20240211,20240316
216_4_20240211,0,0,0,0,0,0,0,20240211,20240316
214_4_20240211,0,0,0,0,0,0,0,20240211,20240316
802_20240211,0,0,0,0,0,0,0,20240211,20240316
705_1_20240211,0,0,0,0,0,0,0,20240211,20240316
17_1_20240211,0,0,0,0,0,0,0,20240211,20240316
4013_5_20240211,0,0,0,0,0,0,0,20240211,20240316
120_4_20240211,0,0,0,0,0,0,0,20240211,20240316
202_5_20240211,0,0,0,0,0,0,0,20240211,20240316
705_3_20240211,0,0,0,0,0,0,0,20240211,20240316
37_20240211,0,0,0,0,0,0,0,20240211,20240316
4023_2_20240211,0,0,0,0,0,0,0,20240211,20240316
601_20240211,0,0,0,0,0,0,0,20240211,20240316
702_4_20240211,0,0,0,0,0,0,0,20240211,20240316
721_2_20240211,0,0,0,0,0,0,0,20240211,20240316
127_20240211,0,0,0,0,0,0,0,20240211,20240316
73_20240211,0,0,0,0,0,0,0,20240211,20240316
614_1_20240211,0,0,0,0,0,0,0,20240211,20240316
501_3_20240211,0,0,0,0,0,0,0,20240211,20240316
5_2_20240211,0,0,0,0,0,0,0,20240211,20240316
209_20240211,0,0,0,0,0,0,0,20240211,20240316
51_20240211,0,0,0,0,0,0,0,20240211,20240316
410_2_20240211,0,0,0,0,0,0,0,20240211,20240316
206_20240211,0,0,0,0,0,0,0,20240211,20240316
402_3_20240211,0,0,0,0,0,0,0,20240211,20240316
114_1_20240211,0,0,0,0,0,0,0,20240211,20240316
43_20240211,0,0,0,0,0,0,0,20240211,20240316
212_3_20240211,0,0,0,0,0,0,0,20240211,20240316
605_2_20240211,0,0,0,0,0,0,0,20240211,20240316
304_5_20240211,0,0,0,0,0,0,0,20240211,20240316
318_3_20240211,0,0,0,0,0,0,0,20240211,20240316
7_20240211,0,0,0,0,0,0,0,20240211,20240316
602_20240211,0,0,0,0,0,0,0,20240211,20240316
126_20240211,0,0,0,0,0,0,0,20240211,20240316
411_2_20240211,0,0,0,0,0,0,0,20240211,20240316
311_5_20240211,0,0,0,0,0,0,0,20240211,20240316
719_2_20240211,0,0,0,0,0,0,0,20240211,20240316
119_3_20240211,0,0,0,0,0,0,0,20240211,20240316
126_1_20240211,0,0,0,0,0,0,0,20240211,20240316
209_6_20240211,0,0,0,0,0,0,0,20240211,20240316
26_1_20240211,0,0,0,0,0,0,0,20240211,20240316
106_5_20240211,0,0,0,0,0,0,0,20240211,20240316
149_1_20240211,0,0,0,0,0,0,0,20240211,20240316
202_2_20240211,0,0,0,0,0,0,0,20240211,20240316
709_3_20240211,0,0,0,0,0,0,0,20240211,20240316
120_20240211,0,0,0,0,0,0,0,20240211,20240316
752_2_20240211,0,0,0,0,0,0,0,20240211,20240316
28_1_20240211,0,0,0,0,0,0,0,20240211,20240316
84_20240211,0,0,0,0,0,0,0,20240211,20240316
220_3_20240211,0,0,0,0,0,0,0,20240211,20240316
47_20240211,0,0,0,0,0,0,0,20240211,20240316
4044_2_20240211,0,0,0,0,0,0,0,20240211,20240316
308_3_20240211,0,0,0,0,0,0,0,20240211,20240316
129_20240211,0,0,0,0,0,0,0,20240211,20240316
45_20240211,0,0,0,0,0,0,0,20240211,20240316
317_20240211,0,0,0,0,0,0,0,20240211,20240316
Rail Sa-XSun_20240211,0,0,0,0,0,0,0,20240211,20240316
4005_2_20240211,0,0,0,0,0,0,0,20240211,20240316
510_3_20240211,0,0,0,0,0,0,0,20240211,20240316
20_20240211,0,0,0,0,0,0,0,20240211,20240316
615_1_20240211,0,0,0,0,0,0,0,20240211,20240316
96_1_20240211,0,0,0,0,0,0,0,20240211,20240316
720_2_20240211,0,0,0,0,0,0,0,20240211,20240316
55_20240211,0,0,0,0,0,0,0,20240211,20240316
333_20240211,0,0,0,0,0,0,0,20240211,20240316
118_1_20240211,0,0,0,0,0,0,0,20240211,20240316
203_20240211,0,0,0,0,0,0,0,20240211,20240316
4217_3_20240211,0,0,0,0,0,0,0,20240211,20240316
703_1_20240211,0,0,0,0,0,0,0,20240211,20240316
711_2_20240211,0,0,0,0,0,0,0,20240211,20240316
310_7_20240211,0,0,0,0,0,0,0,20240211,20240316
702_1_20240211,0,0,0,0,0,0,0,20240211,20240316
718_2_20240211,0,0,0,0,0,0,0,20240211,20240316
403_4_20240211,0,0,0,0,0,0,0,20240211,20240316
131_1_20240211,0,0,0,0,0,0,0,20240211,20240316
520_1_20240211,0,0,0,0,0,0,0,20240211,20240316
4060_2_20240211,0,0,0,0,0,0,0,20240211,20240316
EBW MTuWThF-XHol_20240211,0,0,0,0,0,0,0,20240211,20240316
107_5_20240211,0,0,0,0,0,0,0,20240211,20240316
218_2_20240211,0,0,0,0,0,0,0,20240211,20240316
330_20240211,0,0,0,0,0,0,0,20240211,20240316
605_3_20240211,0,0,0,0,0,0,0,20240211,20240316
